1 0.6640625 0.4140625 0.046875 0.06875
1 0.05625 0.4578125 0.065625 0.0703125
1 0.50625 0.459375 0.065625 0.075
1 0.240625 0.465625 0.0875 0.125
1 0.6375 0.4703125 0.065625 0.0671875
1 0.5953125 0.490625 0.0359375 0.059375
1 0.134375 0.5140625 0.0921875 0.13125
1 0.4984375 0.5359375 0.065625 0.10625
1 0.984375 0.5375 0.03125 0.11875
1 0.6390625 0.54375 0.0765625 0.1125
1 0.9296875 0.5453125 0.05625 0.08125
1 0.553125 0.5609375 0.06875 0.08125
1 0.721875 0.603125 0.06875 0.121875
1 0.9546875 0.6578125 0.090625 0.1078125
1 0.275 0.703125 0.140625 0.1984375
1 0.834375 0.7109375 0.1515625 0.15625
1 0.96875 0.7640625 0.0609375 0.1765625
1 0.70625 0.85 0.21875 0.3